20.674667
20.024
21.179333
22.330667
22.356667
22.568666
22.997999
23.150667
22.293333
22.962
23.07
23.153999
20.150667
19.927999
19.172667
19.434
19.802668
19.758667
19.830667
20.584667
20.468
20.813999
20.859333
21.423332
21.148001
20.500668
20.386667
20.856001
20.787333
20.544666
20.251333
20.525333
20.375999
20.170668
19.415333
19.647333
19.917999
19.857332
20.982668
21.325333
19.652666
19.024
18.436001
18.416
18.439333
18.942667
19.394667
18.890667
19.264
19.330667
18.362
17.966
17.831333
18.24
18.268
17.635332
17.361334
17.851334
18.322001
18.574667
18.657333
19.278667
19.058666
19.454
17.851999
18.330667
18.213333
18.153999
18.403999
17.894667
17.846666
17.758667
18.224001
18.082001
18.217333
17.516666
17.593332
17.243999
16.508667
15.676
16.098
15.912667
15.600667
16.273333
17.002001
17.022667
16.470667
16.322666
16.132
15.968
15.134
15.487333
15.463333
15.222
14.068667
13.690667
13.672
12.848667
13.032667
12.708667
12.58
12.657333
12.548
12.344
11.931333
12.906667
13.106
13.73
13.633333
14.192
14.473333
13.950667
14.260667
14.328
15.002
14.982667
15.095333
14.641333
14.790667
14.909333
14.650667
14.618
14.856
14.897333
15.144667
14.97
15.66
15.54
15.356
15.337333
15.928
15.906667
16.338667
16.9
16.825333
16.990667
16.902666
17.212
17.045334
17.344667
17.658667
15.254667
15.202667
15.718
16.150667
16.107332
15.59
15.622667
15.221333
15.383333
15.561333
15.886667
15.667333
15.267333
15.666667
14.641333
14.376
14.662667
15.122
15.057333
14.722
14.81
14.093333
14.333333
14.272
14.372667
14.780667
15.040667
15.000667
14.712
15.305333
15.163333
15.452667
15.702667
16.473333
16.391333
16.346666
16.187332
16.319332
16.232668
16.440001
16.041332
16.082001
14.880667
15.246667
16.170668
16.142
16.058001
16.312668
16.208668
15.535333
15.428667
15.848
16.003332
16.302
16.316
16.525999
17.192667
17.316668
17.464666
17.129999
16.9
17.038668
16.978666
19.978666
21.875334
21.847334
21.081333
21.000668
20.994667
20.887333
21.164667
21.148001
21.771999
22.369333
22.476
23.328667
23.073999
23.290001
23.478001
23.332666
23.968
23.481333
23.655333
22.202667
22.422667
21.927999
22.086
21.996
22.324667
22.413334
22.202
22.024668
22.392668
22.635332
23.256001
23.513332
23.978666
23.892668
25.433332
25.266001
26.209999
26.936001
27.039333
27.948
28.35
28.729334
28.691999
27.646667
27.888666
28.684
29.534
30.102667
31.270666
32.809334
32.089333
31.876667
34.990665
35.861332
34.566666
34.232666
34.033333
36.48
37.970669
38.146667
37.654667
37.201332
37.793331
38.732666
42.720669
43.371334
52
59.137333
48.98
49.930668
49.871334
51.418667
51.625332
51.152668
53.599998
53.335335
57.226665
61.161331
59.960667
60.066666
55.585999
53.327332
51.919998
45.266666
44.532665
49.574669
49.700668
49.966667
48.302666
46.898666
40.533333
43.021999
42.282001
37.369999
36.441334
29.671333
28.68
24.081333
28.509333
28.502001
28.952667
33.666668
35.950001
35.210667
34.290668
33.475334
34.933334
32.104
30.298
32.000668
34.416
36.363335
36.589333
38.200001
43.396667
47.326
48.655334
49.680668
50.259335
49.757332
45.781334
48.807335
47.042
48.343334
53.25
51.274666
53.367332
52.125332
46.754665
50.745998
51.214001
52.172001
52.002666
54.627998
54.085999
53.960667
52.730667
53.555332
53.278
54.242001
53.867332
54.370667
55.173332
54.458668
54.591331
54.681999
53.720669
55.666668
59.873333
58.770668
58.863998
57.625332
59.043999
63.327999
62.711334
68.33667
64.856003
62.352001
66.059998
65.475334
66.119331
66.930664
66.726669
66.288002
66.785332
64.056664
65.732002
63.982666
67.290001
71.987335
74.641998
80.577332
91.438667
92.657333
91.05867
92.952003
102.976669
99.804001
101.120003
103.067329
100.042664
100.056
109.533333
104.557335
106.155334
100.87133
94.466667
102.639999
98.432671
99.940666
99.166
95.384003
99
99.133331
99.001335
99.305336
96.847336
94.571335
91.625999
103.650665
108.066666
110.047333
122.375999
125.806
125.235336
133.455338
136.665329
134.279999
134.889328
143.544662
149.25
147.559998
166.106674
158.350006
149.123337
135.666672
139.440002
110.07
122.09333
123.779999
124.239998
139.873337
149.919998
147.253326
141.143326
147.383331
149.796661
141.410004
126.786667
129.263336
135.779999
140.399994
139.690002
143.003326
149.386673
138.363327
141.893326
137.993332
141.766663
141.973328
144.666672
148.883331
153.766663
149.626663
146.556671
143.610001
140.646667
140.880005
141.929993
140.210007
140.093338
141.559998
135.339996
136.943329
129.346664
133.503326
141.300003
140.32666
146.029999
143.316666
140.419998
136.786667
137.253326
136.166672
136.029999
147.203339
162.213333
166.42334
163.203339
173.949997
185.126663
191.333328
195.253326
189.199997
194.919998
189.606674
197.793335
199.679993
213.919998
216.626663
201.493332
209.023331
203.330002
213.276672
211.083328
207.589996
218.633331
231.666672
216.619995
213.446671
215.32666
220.589996
221.229996
221.996674
231.593338
235.223328
243.256668
245.036667
251.993332
272.013336
293.339996
270.396667
283.146667
284.803345
281.666656
275.386658
281.516663
283.483337
281.66333
282.213318
293.600006
294.363342
288.053345
278.476654
264.51001
279.936676
290.929993
284.896667
283.329987
284.07666
287.806671
283.15332
268.273346
270.553345
272.040009
265.406677
266.049988
262.459991
260.433319
238.166672
232.946671
247.339996
227.406662
225.166672
239.476669
228.813339
217.733337
207.146667
199.316666
187.666672
224.526672
222.686661
233.199997
231.243332
235.979996
225.626663
233.936661
217.720001
218.289993
223.333328
220.720001
210.089996
213.463333
206.236664
203.763336
211.873337
222.643326
220.583328
230.350006
230.539993
223.656662
227.933334
225.67334
233.993332
254.106674
244.07666
246.28334
246.593338
238.210007
239.66333
248.039993
239.896667
243.133331
246.066666
234.91333
231.46666
225.666672
236.479996
228.300003
224.53334
223.646667
221.179993
224.123337
209.679993
205.733337
196.630005
190.563339
196.580002
192.276672
192.623337
187.820007
195.593338
193.626663
202.146667
201.563339
206.376663
210.28334
208.406662
207.96666
201.706665
190.946671
199.683334
201.710007
201.196671
199.593338
203.373337
203.296661
205.896667
199.786667
201.623337
205.53334
207.770004
206.943329
207.903336
218.856674
226.606674
223.956665
229.573334
226.919998
226.566666
225.973328
226.300003
219.860001
214.883331
217.603333
218.983337
228.566666
222.846664
217.793335
216.866669
214.740005
215.406662
220.166672
218.429993
216.419998
214.460007
219.206665
214.926666
215.660004
225.78334
229.066666
236.556671
236.580002
236.973328
238.210007
233.03334
237.919998
236.66333
235.940002
240.75
239.056671
228.723328
221.903336
229.66333
224.490005
226.753326
235.433334
236.16333
237.066666
233.720001
237.306671
243.636673
245.240005
244.696671
244.130005
244.523331
250.973328
251.289993
251.619995
245.42334
247.666672
248.16333
251.943329
252.330002
253.16333
243.389999
246.460007
250.646667
251.213333
258.130005
263.786682
259.186676
260.436676
258.493347
258.406677
260.51001
260.196655
260.916656
264.536682
261.829987
268.573334
270.359985
272.773346
281.01001
290.036682
288.089996
288.600006
298
303.226654
341.619995
339.476654
345.953339
359.013336
371.333344
402.863342
390.666656
404.619995
409.970001
407.363342
387.646667
341.166656
355.983337
344.473328
337.796661
351.57666
363.003326
365.459991
379.019989
385.623322
369.676666
372
360.640015
378.996674
381.58667
365
361.533325
338.323334
336.33667
350.583344
356.320007
334.600006
339.01001
322.136658
319.503326
325.329987
308.973328
310.856659
299.980011
312.843323
336.290009
355.666656
364.646667
362.823334
362.063324
356.779999
352.26001
